version https://git-lfs.github.com/spec/v1
oid sha256:cec53b3754928aaa5a3868adec244a274eff305920a003f00247de0e27aa0f24
size 4125109
